optseq2
7.3.2
NoSearch  = 0
nSearch  = 100
nKeep    = 10
PctUpdate  = 10.000000
nCB1Opt  = 0
seed     = 464687
Ntp  = 225
TR   = 1.6
TPreScan   = 0
PSD Window   = 0 17.6 1.6
nEvTypes = 13
EvNo    Label Duration nRepsNom
 1       dur0  0.000    3
 2       dur2  1.600    3
 3       dur4  1.600    3
 4       dur8  1.600    3
 5      dur16  1.600    3
 6      dur32  1.600    3
 7      dur64  1.600    3
 8       isi2  1.600    3
 9       isi4  1.600    3
10       isi8  1.600    3
11      isi16  1.600    3
12      isi32  1.600    3
13      isi64  1.600    3
PctVarEvReps = 0
VarEvRepsPerCond = 0
PolyOrder = -1
tNullMax = -1
tNullMin = 0
AR1 = 0
No refractory penalty
Cost = eff
OutStem = ex2
Summary File = ex2.sum




Searched 100 iterations for 0.000556 hours
Rate: 50 iterations per second
Number of iterations since last substitution 0
Cost Avg/Std: 0.0065899 0.0013813
Max Eff Encountered:    0.0095405
Max VRFAvg Encountered: 1.45806
Eff of Nominal Ideal XtX: 0.0207531

Rank     Cost   ZCost NthIter  Eff   CB1Err   VRFAvg VRFStd VRFMin VRFMax VRFRng IXtXErr  
  1    0.0095   2.136     5   0.010 1.571992   1.46   0.36   0.67   2.30   1.64   1235.34
  2    0.0093   1.977    34   0.009 1.536489   1.41   0.35   0.76   2.46   1.70   1237.61
  3    0.0093   1.945     9   0.009 1.560158   1.43   0.39   0.70   2.56   1.85   1307.14
  4    0.0090   1.768    80   0.009 1.524654   1.39   0.36   0.51   2.56   2.05   1244.99
  5    0.0090   1.763    15   0.009 1.536489   1.44   0.46   0.56   2.48   1.92   1253.00
  6    0.0088   1.573    76   0.009 1.548323   1.40   0.46   0.64   2.59   1.96   1268.77
  7    0.0086   1.435    49   0.009 1.560158   1.39   0.43   0.41   2.51   2.10   1258.88
  8    0.0085   1.396    63   0.009 1.560157   1.36   0.43   0.55   2.30   1.74   1318.01
  9    0.0082   1.170    99   0.008 1.524654   1.36   0.55   0.45   3.00   2.55   1221.88
 10    0.0082   1.162   100   0.008 1.560157   1.29   0.40   0.61   2.53   1.92   1292.14

Ideal CB1 PMtx--------------------------
 0.07692   0.07692   0.07692   0.07692   0.07692   0.07692   0.07692   0.07692   0.07692   0.07692   0.07692   0.07692   0.07692;
 0.07692   0.07692   0.07692   0.07692   0.07692   0.07692   0.07692   0.07692   0.07692   0.07692   0.07692   0.07692   0.07692;
 0.07692   0.07692   0.07692   0.07692   0.07692   0.07692   0.07692   0.07692   0.07692   0.07692   0.07692   0.07692   0.07692;
 0.07692   0.07692   0.07692   0.07692   0.07692   0.07692   0.07692   0.07692   0.07692   0.07692   0.07692   0.07692   0.07692;
 0.07692   0.07692   0.07692   0.07692   0.07692   0.07692   0.07692   0.07692   0.07692   0.07692   0.07692   0.07692   0.07692;
 0.07692   0.07692   0.07692   0.07692   0.07692   0.07692   0.07692   0.07692   0.07692   0.07692   0.07692   0.07692   0.07692;
 0.07692   0.07692   0.07692   0.07692   0.07692   0.07692   0.07692   0.07692   0.07692   0.07692   0.07692   0.07692   0.07692;
 0.07692   0.07692   0.07692   0.07692   0.07692   0.07692   0.07692   0.07692   0.07692   0.07692   0.07692   0.07692   0.07692;
 0.07692   0.07692   0.07692   0.07692   0.07692   0.07692   0.07692   0.07692   0.07692   0.07692   0.07692   0.07692   0.07692;
 0.07692   0.07692   0.07692   0.07692   0.07692   0.07692   0.07692   0.07692   0.07692   0.07692   0.07692   0.07692   0.07692;
 0.07692   0.07692   0.07692   0.07692   0.07692   0.07692   0.07692   0.07692   0.07692   0.07692   0.07692   0.07692   0.07692;
 0.07692   0.07692   0.07692   0.07692   0.07692   0.07692   0.07692   0.07692   0.07692   0.07692   0.07692   0.07692   0.07692;
 0.07692   0.07692   0.07692   0.07692   0.07692   0.07692   0.07692   0.07692   0.07692   0.07692   0.07692   0.07692   0.07692;
Schedule 1 CB1 PMtx--------------------------
 0.00000   0.66667   0.00000   0.00000   0.00000   0.00000   0.00000   0.00000   0.33333   0.00000   0.00000   0.00000   0.00000;
 0.00000   0.00000   0.33333   0.00000   0.00000   0.33333   0.00000   0.33333   0.00000   0.00000   0.00000   0.00000   0.00000;
 0.00000   0.00000   0.00000   0.00000   0.33333   0.00000   0.33333   0.00000   0.00000   0.33333   0.00000   0.00000   0.00000;
 0.00000   0.00000   0.00000   0.00000   0.00000   0.00000   0.33333   0.00000   0.00000   0.00000   0.33333   0.33333   0.00000;
 0.33333   0.33333   0.00000   0.00000   0.00000   0.00000   0.00000   0.00000   0.00000   0.00000   0.00000   0.33333   0.00000;
 0.00000   0.00000   0.00000   0.00000   0.00000   0.00000   0.33333   0.33333   0.00000   0.00000   0.00000   0.33333   0.00000;
 0.00000   0.00000   0.66667   0.00000   0.33333   0.00000   0.00000   0.00000   0.00000   0.00000   0.00000   0.00000   0.00000;
 0.33333   0.00000   0.00000   0.33333   0.00000   0.00000   0.00000   0.00000   0.00000   0.00000   0.00000   0.00000   0.33333;
 0.00000   0.00000   0.00000   0.00000   0.00000   0.33333   0.00000   0.33333   0.00000   0.00000   0.33333   0.00000   0.00000;
 0.00000   0.00000   0.00000   0.00000   0.33333   0.00000   0.00000   0.00000   0.00000   0.00000   0.00000   0.00000   0.66667;
 0.00000   0.00000   0.00000   0.00000   0.00000   0.33333   0.00000   0.00000   0.00000   0.33333   0.00000   0.00000   0.00000;
 0.00000   0.00000   0.00000   0.66667   0.00000   0.00000   0.00000   0.00000   0.33333   0.00000   0.00000   0.00000   0.00000;
 0.00000   0.00000   0.00000   0.00000   0.00000   0.00000   0.00000   0.00000   0.33333   0.33333   0.33333   0.00000   0.00000;
Schedule 2 CB1 PMtx--------------------------
 0.00000   0.33333   0.00000   0.00000   0.33333   0.33333   0.00000   0.00000   0.00000   0.00000   0.00000   0.00000   0.00000;
 0.00000   0.33333   0.00000   0.33333   0.00000   0.00000   0.00000   0.33333   0.00000   0.00000   0.00000   0.00000   0.00000;
 0.00000   0.00000   0.00000   0.00000   0.66667   0.00000   0.00000   0.00000   0.00000   0.00000   0.00000   0.33333   0.00000;
 0.00000   0.00000   0.00000   0.33333   0.00000   0.33333   0.33333   0.00000   0.00000   0.00000   0.00000   0.00000   0.00000;
 0.00000   0.00000   0.33333   0.00000   0.00000   0.00000   0.00000   0.00000   0.00000   0.33333   0.00000   0.00000   0.00000;
 0.00000   0.00000   0.33333   0.00000   0.00000   0.00000   0.00000   0.00000   0.33333   0.00000   0.33333   0.00000   0.00000;
 0.00000   0.00000   0.00000   0.33333   0.00000   0.00000   0.33333   0.00000   0.00000   0.00000   0.00000   0.00000   0.33333;
 0.00000   0.33333   0.00000   0.00000   0.00000   0.00000   0.00000   0.00000   0.33333   0.33333   0.00000   0.00000   0.00000;
 0.00000   0.00000   0.00000   0.00000   0.00000   0.00000   0.00000   0.00000   0.33333   0.00000   0.33333   0.00000   0.33333;
 0.33333   0.00000   0.00000   0.00000   0.00000   0.00000   0.00000   0.33333   0.00000   0.00000   0.00000   0.33333   0.00000;
 0.00000   0.00000   0.00000   0.00000   0.00000   0.33333   0.00000   0.33333   0.00000   0.00000   0.33333   0.00000   0.00000;
 0.33333   0.00000   0.33333   0.00000   0.00000   0.00000   0.00000   0.00000   0.00000   0.00000   0.00000   0.00000   0.33333;
 0.00000   0.00000   0.00000   0.00000   0.00000   0.00000   0.33333   0.00000   0.00000   0.33333   0.00000   0.33333   0.00000;
Schedule 3 CB1 PMtx--------------------------
 0.00000   0.00000   0.00000   0.33333   0.33333   0.00000   0.33333   0.00000   0.00000   0.00000   0.00000   0.00000   0.00000;
 0.33333   0.00000   0.00000   0.00000   0.00000   0.00000   0.00000   0.00000   0.00000   0.33333   0.00000   0.00000   0.33333;
 0.00000   0.00000   0.00000   0.00000   0.00000   0.00000   0.00000   0.00000   0.33333   0.33333   0.00000   0.33333   0.00000;
 0.00000   0.00000   0.00000   0.00000   0.33333   0.00000   0.00000   0.33333   0.00000   0.33333   0.00000   0.00000   0.00000;
 0.00000   0.00000   0.00000   0.00000   0.00000   0.33333   0.00000   0.33333   0.00000   0.00000   0.00000   0.00000   0.33333;
 0.00000   0.00000   0.33333   0.00000   0.00000   0.00000   0.00000   0.00000   0.00000   0.00000   0.33333   0.00000   0.00000;
 0.00000   0.00000   0.00000   0.00000   0.00000   0.00000   0.66667   0.00000   0.00000   0.00000   0.33333   0.00000   0.00000;
 0.33333   0.00000   0.00000   0.33333   0.00000   0.00000   0.00000   0.00000   0.33333   0.00000   0.00000   0.00000   0.00000;
 0.00000   0.33333   0.00000   0.00000   0.00000   0.00000   0.00000   0.00000   0.00000   0.00000   0.33333   0.33333   0.00000;
 0.33333   0.00000   0.00000   0.00000   0.00000   0.66667   0.00000   0.00000   0.00000   0.00000   0.00000   0.00000   0.00000;
 0.00000   0.00000   0.00000   0.00000   0.33333   0.00000   0.00000   0.00000   0.33333   0.00000   0.00000   0.00000   0.33333;
 0.00000   0.00000   0.00000   0.33333   0.00000   0.00000   0.00000   0.33333   0.00000   0.00000   0.00000   0.33333   0.00000;
 0.00000   0.66667   0.33333   0.00000   0.00000   0.00000   0.00000   0.00000   0.00000   0.00000   0.00000   0.00000   0.00000;
Schedule 4 CB1 PMtx--------------------------
 0.00000   0.00000   0.00000   0.00000   0.00000   0.33333   0.33333   0.00000   0.00000   0.00000   0.33333   0.00000   0.00000;
 0.33333   0.00000   0.00000   0.00000   0.00000   0.00000   0.00000   0.00000   0.00000   0.33333   0.00000   0.33333   0.00000;
 0.00000   0.00000   0.00000   0.00000   0.00000   0.00000   0.00000   0.33333   0.00000   0.00000   0.00000   0.33333   0.33333;
 0.33333   0.00000   0.00000   0.00000   0.00000   0.33333   0.33333   0.00000   0.00000   0.00000   0.00000   0.00000   0.00000;
 0.00000   0.00000   0.00000   0.00000   0.00000   0.33333   0.00000   0.33333   0.33333   0.00000   0.00000   0.00000   0.00000;
 0.00000   0.33333   0.00000   0.00000   0.00000   0.00000   0.00000   0.00000   0.33333   0.00000   0.33333   0.00000   0.00000;
 0.00000   0.33333   0.33333   0.33333   0.00000   0.00000   0.00000   0.00000   0.00000   0.00000   0.00000   0.00000   0.00000;
 0.00000   0.00000   0.00000   0.00000   0.00000   0.00000   0.33333   0.00000   0.00000   0.33333   0.33333   0.00000   0.00000;
 0.00000   0.00000   0.00000   0.33333   0.33333   0.00000   0.00000   0.00000   0.00000   0.00000   0.00000   0.00000   0.33333;
 0.00000   0.33333   0.00000   0.00000   0.00000   0.00000   0.00000   0.00000   0.33333   0.33333   0.00000   0.00000   0.00000;
 0.33333   0.00000   0.33333   0.33333   0.00000   0.00000   0.00000   0.00000   0.00000   0.00000   0.00000   0.00000   0.00000;
 0.00000   0.00000   0.00000   0.00000   0.33333   0.00000   0.00000   0.33333   0.00000   0.00000   0.00000   0.00000   0.00000;
 0.00000   0.00000   0.00000   0.00000   0.33333   0.00000   0.00000   0.00000   0.00000   0.00000   0.00000   0.33333   0.33333;
Schedule 5 CB1 PMtx--------------------------
 0.00000   0.00000   0.00000   0.00000   0.00000   0.33333   0.00000   0.00000   0.00000   0.33333   0.00000   0.00000   0.33333;
 0.00000   0.00000   0.33333   0.00000   0.00000   0.00000   0.00000   0.00000   0.00000   0.00000   0.33333   0.00000   0.33333;
 0.66667   0.00000   0.00000   0.00000   0.00000   0.00000   0.00000   0.00000   0.00000   0.00000   0.33333   0.00000   0.00000;
 0.33333   0.00000   0.00000   0.33333   0.00000   0.00000   0.00000   0.00000   0.00000   0.00000   0.00000   0.33333   0.00000;
 0.00000   0.00000   0.00000   0.00000   0.33333   0.00000   0.00000   0.00000   0.33333   0.00000   0.33333   0.00000   0.00000;
 0.00000   0.33333   0.00000   0.33333   0.00000   0.00000   0.33333   0.00000   0.00000   0.00000   0.00000   0.00000   0.00000;
 0.00000   0.00000   0.00000   0.00000   0.00000   0.33333   0.00000   0.33333   0.00000   0.00000   0.00000   0.00000   0.33333;
 0.00000   0.00000   0.00000   0.00000   0.33333   0.00000   0.00000   0.33333   0.33333   0.00000   0.00000   0.00000   0.00000;
 0.00000   0.00000   0.00000   0.00000   0.33333   0.00000   0.00000   0.00000   0.00000   0.33333   0.00000   0.33333   0.00000;
 0.00000   0.33333   0.33333   0.00000   0.00000   0.00000   0.33333   0.00000   0.00000   0.00000   0.00000   0.00000   0.00000;
 0.00000   0.00000   0.00000   0.00000   0.00000   0.33333   0.00000   0.33333   0.00000   0.33333   0.00000   0.00000   0.00000;
 0.00000   0.33333   0.33333   0.00000   0.00000   0.00000   0.00000   0.00000   0.33333   0.00000   0.00000   0.00000   0.00000;
 0.00000   0.00000   0.00000   0.00000   0.00000   0.00000   0.33333   0.00000   0.00000   0.00000   0.00000   0.33333   0.00000;
Schedule 6 CB1 PMtx--------------------------
 0.00000   0.00000   0.00000   0.00000   0.00000   0.33333   0.00000   0.00000   0.00000   0.00000   0.33333   0.00000   0.33333;
 0.66667   0.00000   0.00000   0.00000   0.00000   0.00000   0.00000   0.00000   0.00000   0.00000   0.33333   0.00000   0.00000;
 0.00000   0.00000   0.33333   0.00000   0.00000   0.00000   0.00000   0.33333   0.00000   0.00000   0.00000   0.33333   0.00000;
 0.00000   0.33333   0.00000   0.00000   0.00000   0.33333   0.33333   0.00000   0.00000   0.00000   0.00000   0.00000   0.00000;
 0.00000   0.00000   0.33333   0.00000   0.00000   0.00000   0.00000   0.00000   0.33333   0.33333   0.00000   0.00000   0.00000;
 0.00000   0.00000   0.00000   0.33333   0.00000   0.33333   0.00000   0.33333   0.00000   0.00000   0.00000   0.00000   0.00000;
 0.00000   0.00000   0.00000   0.00000   0.66667   0.00000   0.00000   0.00000   0.00000   0.00000   0.00000   0.00000   0.33333;
 0.00000   0.00000   0.33333   0.33333   0.00000   0.00000   0.00000   0.00000   0.00000   0.33333   0.00000   0.00000   0.00000;
 0.00000   0.00000   0.00000   0.00000   0.00000   0.00000   0.33333   0.00000   0.00000   0.00000   0.33333   0.33333   0.00000;
 0.00000   0.33333   0.00000   0.00000   0.00000   0.00000   0.00000   0.00000   0.00000   0.00000   0.00000   0.00000   0.33333;
 0.00000   0.00000   0.00000   0.33333   0.00000   0.00000   0.00000   0.00000   0.33333   0.00000   0.00000   0.33333   0.00000;
 0.33333   0.00000   0.00000   0.00000   0.33333   0.00000   0.00000   0.00000   0.33333   0.00000   0.00000   0.00000   0.00000;
 0.00000   0.00000   0.00000   0.00000   0.00000   0.00000   0.33333   0.33333   0.00000   0.33333   0.00000   0.00000   0.00000;
Schedule 7 CB1 PMtx--------------------------
 0.00000   0.33333   0.00000   0.00000   0.00000   0.33333   0.00000   0.00000   0.33333   0.00000   0.00000   0.00000   0.00000;
 0.00000   0.00000   0.00000   0.00000   0.00000   0.00000   0.00000   0.00000   0.00000   0.33333   0.00000   0.00000   0.66667;
 0.00000   0.00000   0.00000   0.00000   0.00000   0.00000   0.00000   0.00000   0.33333   0.33333   0.00000   0.33333   0.00000;
 0.00000   0.33333   0.00000   0.33333   0.00000   0.00000   0.33333   0.00000   0.00000   0.00000   0.00000   0.00000   0.00000;
 0.00000   0.00000   0.33333   0.00000   0.33333   0.00000   0.00000   0.00000   0.33333   0.00000   0.00000   0.00000   0.00000;
 0.00000   0.00000   0.33333   0.00000   0.33333   0.00000   0.00000   0.00000   0.00000   0.33333   0.00000   0.00000   0.00000;
 0.33333   0.00000   0.00000   0.00000   0.00000   0.00000   0.33333   0.00000   0.00000   0.00000   0.00000   0.00000   0.00000;
 0.00000   0.00000   0.00000   0.00000   0.33333   0.00000   0.00000   0.33333   0.00000   0.00000   0.33333   0.00000   0.00000;
 0.00000   0.33333   0.00000   0.00000   0.00000   0.33333   0.00000   0.33333   0.00000   0.00000   0.00000   0.00000   0.00000;
 0.00000   0.00000   0.00000   0.33333   0.00000   0.00000   0.00000   0.00000   0.00000   0.00000   0.66667   0.00000   0.00000;
 0.00000   0.00000   0.00000   0.00000   0.00000   0.33333   0.00000   0.33333   0.00000   0.00000   0.00000   0.33333   0.00000;
 0.00000   0.00000   0.00000   0.33333   0.00000   0.00000   0.33333   0.00000   0.00000   0.00000   0.00000   0.00000   0.33333;
 0.66667   0.00000   0.00000   0.00000   0.00000   0.00000   0.00000   0.00000   0.00000   0.00000   0.00000   0.33333   0.00000;
Schedule 8 CB1 PMtx--------------------------
 0.00000   0.33333   0.00000   0.00000   0.00000   0.33333   0.00000   0.00000   0.00000   0.00000   0.33333   0.00000   0.00000;
 0.00000   0.00000   0.00000   0.33333   0.00000   0.00000   0.00000   0.33333   0.00000   0.00000   0.33333   0.00000   0.00000;
 0.00000   0.00000   0.00000   0.33333   0.00000   0.33333   0.33333   0.00000   0.00000   0.00000   0.00000   0.00000   0.00000;
 0.00000   0.00000   0.33333   0.00000   0.00000   0.33333   0.00000   0.00000   0.00000   0.00000   0.00000   0.33333   0.00000;
 0.00000   0.00000   0.00000   0.00000   0.00000   0.00000   0.00000   0.00000   0.33333   0.66667   0.00000   0.00000   0.00000;
 0.00000   0.00000   0.00000   0.00000   1.00000   0.00000   0.00000   0.00000   0.00000   0.00000   0.00000   0.00000   0.00000;
 0.00000   0.00000   0.00000   0.00000   0.00000   0.00000   0.00000   0.33333   0.00000   0.00000   0.00000   0.33333   0.33333;
 0.33333   0.00000   0.00000   0.00000   0.00000   0.00000   0.00000   0.00000   0.33333   0.00000   0.00000   0.00000   0.33333;
 0.00000   0.33333   0.00000   0.00000   0.00000   0.00000   0.33333   0.00000   0.00000   0.33333   0.00000   0.00000   0.00000;
 0.33333   0.00000   0.33333   0.00000   0.00000   0.00000   0.00000   0.00000   0.00000   0.00000   0.00000   0.33333   0.00000;
 0.00000   0.00000   0.33333   0.00000   0.00000   0.00000   0.33333   0.00000   0.00000   0.00000   0.00000   0.00000   0.33333;
 0.33333   0.00000   0.00000   0.00000   0.00000   0.00000   0.00000   0.33333   0.33333   0.00000   0.00000   0.00000   0.00000;
 0.00000   0.33333   0.00000   0.33333   0.00000   0.00000   0.00000   0.00000   0.00000   0.00000   0.00000   0.00000   0.00000;
Schedule 9 CB1 PMtx--------------------------
 0.00000   0.33333   0.00000   0.00000   0.00000   0.00000   0.00000   0.33333   0.00000   0.00000   0.00000   0.00000   0.33333;
 0.00000   0.00000   0.00000   0.33333   0.00000   0.00000   0.00000   0.00000   0.33333   0.33333   0.00000   0.00000   0.00000;
 0.00000   0.33333   0.00000   0.00000   0.00000   0.00000   0.00000   0.00000   0.00000   0.00000   0.00000   0.33333   0.33333;
 0.00000   0.00000   0.33333   0.00000   0.00000   0.00000   0.33333   0.00000   0.00000   0.00000   0.33333   0.00000   0.00000;
 0.00000   0.00000   0.00000   0.00000   0.00000   0.00000   0.00000   0.33333   0.33333   0.00000   0.33333   0.00000   0.00000;
 0.33333   0.00000   0.00000   0.00000   0.00000   0.33333   0.00000   0.00000   0.00000   0.33333   0.00000   0.00000   0.00000;
 0.33333   0.00000   0.00000   0.00000   0.00000   0.00000   0.33333   0.00000   0.00000   0.00000   0.00000   0.00000   0.00000;
 0.00000   0.00000   0.33333   0.33333   0.00000   0.00000   0.00000   0.00000   0.00000   0.33333   0.00000   0.00000   0.00000;
 0.33333   0.00000   0.00000   0.33333   0.00000   0.00000   0.00000   0.00000   0.00000   0.00000   0.00000   0.33333   0.00000;
 0.00000   0.00000   0.00000   0.00000   0.33333   0.33333   0.33333   0.00000   0.00000   0.00000   0.00000   0.00000   0.00000;
 0.00000   0.00000   0.00000   0.00000   0.33333   0.00000   0.00000   0.33333   0.00000   0.00000   0.00000   0.00000   0.33333;
 0.00000   0.00000   0.00000   0.00000   0.33333   0.00000   0.00000   0.00000   0.00000   0.00000   0.33333   0.33333   0.00000;
 0.00000   0.33333   0.00000   0.00000   0.00000   0.33333   0.00000   0.00000   0.33333   0.00000   0.00000   0.00000   0.00000;
Schedule 10 CB1 PMtx--------------------------
 0.00000   0.33333   0.00000   0.00000   0.33333   0.00000   0.00000   0.00000   0.00000   0.00000   0.00000   0.00000   0.33333;
 0.00000   0.00000   0.00000   0.00000   0.00000   0.00000   0.00000   0.00000   0.00000   0.33333   0.66667   0.00000   0.00000;
 0.00000   0.33333   0.00000   0.00000   0.00000   0.00000   0.33333   0.00000   0.00000   0.00000   0.00000   0.00000   0.33333;
 0.00000   0.00000   0.00000   0.00000   0.00000   0.00000   0.33333   0.66667   0.00000   0.00000   0.00000   0.00000   0.00000;
 0.00000   0.00000   0.33333   0.00000   0.00000   0.33333   0.00000   0.00000   0.00000   0.00000   0.00000   0.00000   0.33333;
 0.00000   0.33333   0.00000   0.00000   0.00000   0.00000   0.00000   0.00000   0.33333   0.00000   0.00000   0.33333   0.00000;
 0.00000   0.00000   0.00000   0.00000   0.00000   0.00000   0.00000   0.00000   0.00000   0.33333   0.33333   0.33333   0.00000;
 0.00000   0.00000   0.33333   0.00000   0.00000   0.00000   0.00000   0.33333   0.33333   0.00000   0.00000   0.00000   0.00000;
 0.66667   0.00000   0.00000   0.33333   0.00000   0.00000   0.00000   0.00000   0.00000   0.00000   0.00000   0.00000   0.00000;
 0.00000   0.00000   0.33333   0.33333   0.00000   0.33333   0.00000   0.00000   0.00000   0.00000   0.00000   0.00000   0.00000;
 0.00000   0.00000   0.00000   0.33333   0.00000   0.00000   0.33333   0.00000   0.00000   0.00000   0.00000   0.00000   0.00000;
 0.33333   0.00000   0.00000   0.00000   0.33333   0.00000   0.00000   0.00000   0.00000   0.33333   0.00000   0.00000   0.00000;
 0.00000   0.00000   0.00000   0.00000   0.33333   0.33333   0.00000   0.00000   0.33333   0.00000   0.00000   0.00000   0.00000;
