optseq2
7.3.2
NoSearch  = 0
tSearch  = 12 hours
nKeep    = 15
PctUpdate  = 10.000000
nCB1Opt  = 0
seed     = 912142
Ntp  = 200
TR   = 1.6
TPreScan   = 0
PSD Window   = 0 12.8 1.6
nEvTypes = 13
EvNo    Label Duration nRepsNom
 1      dur_0  4.800    3
 2      dur_2  4.800    3
 3      dur_4  4.800    3
 4      dur_8  4.800    3
 5     dur_16  4.800    3
 6     dur_32  4.800    3
 7     dur_64  4.800    3
 8      isi_2  4.800    3
 9      isi_4  4.800    3
10      isi_8  4.800    3
11     isi_16  4.800    3
12     isi_32  4.800    3
13     isi_64  4.800    3
PctVarEvReps = 0
VarEvRepsPerCond = 0
PolyOrder = -1
tNullMax = -1
tNullMin = 0
AR1 = 0
No refractory penalty
Cost = eff
OutStem = tr-200_min-3_tsearch-12
Summary File = tr-200_min-3_tsearch-12.sum




Searched 5239466 iterations for 12.000000 hours
Rate: 121.284 iterations per second
Number of iterations since last substitution 707148
Cost Avg/Std: 0.0170273 0.0011503
Max Eff Encountered:    0.0198965
Max VRFAvg Encountered: inf
Eff of Nominal Ideal XtX: 0.0284909

Rank     Cost   ZCost NthIter  Eff   CB1Err   VRFAvg VRFStd VRFMin VRFMax VRFRng IXtXErr  
  1    0.0199   2.494 948872   0.020 1.571992   2.12   0.32   1.48   3.00   1.52   436.08
  2    0.0199   2.484 376318   0.020 1.548323   2.12   0.34   1.46   3.00   1.54   435.82
  3    0.0199   2.461 4153804   0.020 1.536489   2.10   0.29   1.53   3.00   1.47   425.38
  4    0.0198   2.421 1756489   0.020 1.536489   2.10   0.27   1.40   3.00   1.60   440.10
  5    0.0198   2.408 3868876   0.020 1.524654   2.11   0.31   1.16   2.67   1.50   425.46
  6    0.0198   2.398 4532246   0.020 1.548323   2.10   0.28   1.41   3.00   1.59   431.02
  7    0.0198   2.380 190547   0.020 1.560157   2.11   0.33   1.30   3.00   1.70   433.84
  8    0.0198   2.378 3858183   0.020 1.548323   2.09   0.27   1.54   3.00   1.46   431.92
  9    0.0198   2.376 399009   0.020 1.536489   2.09   0.28   1.59   3.00   1.41   423.00
 10    0.0198   2.369 2162855   0.020 1.548323   2.10   0.30   1.30   2.67   1.36   439.02
 11    0.0197   2.355 3741012   0.020 1.524654   2.10   0.32   1.43   2.67   1.24   444.02
 12    0.0197   2.344 1314930   0.020 1.536489   2.09   0.28   1.48   2.62   1.14   435.74
 13    0.0197   2.340 1635122   0.020 1.548323   2.11   0.36   1.51   3.00   1.49   422.10
 14    0.0197   2.340 1108889   0.020 1.619329   2.09   0.27   1.51   2.62   1.11   430.28
 15    0.0197   2.336 4227177   0.020 1.536489   2.09   0.30   1.45   3.00   1.55   419.00

Ideal CB1 PMtx--------------------------
 0.07692   0.07692   0.07692   0.07692   0.07692   0.07692   0.07692   0.07692   0.07692   0.07692   0.07692   0.07692   0.07692;
 0.07692   0.07692   0.07692   0.07692   0.07692   0.07692   0.07692   0.07692   0.07692   0.07692   0.07692   0.07692   0.07692;
 0.07692   0.07692   0.07692   0.07692   0.07692   0.07692   0.07692   0.07692   0.07692   0.07692   0.07692   0.07692   0.07692;
 0.07692   0.07692   0.07692   0.07692   0.07692   0.07692   0.07692   0.07692   0.07692   0.07692   0.07692   0.07692   0.07692;
 0.07692   0.07692   0.07692   0.07692   0.07692   0.07692   0.07692   0.07692   0.07692   0.07692   0.07692   0.07692   0.07692;
 0.07692   0.07692   0.07692   0.07692   0.07692   0.07692   0.07692   0.07692   0.07692   0.07692   0.07692   0.07692   0.07692;
 0.07692   0.07692   0.07692   0.07692   0.07692   0.07692   0.07692   0.07692   0.07692   0.07692   0.07692   0.07692   0.07692;
 0.07692   0.07692   0.07692   0.07692   0.07692   0.07692   0.07692   0.07692   0.07692   0.07692   0.07692   0.07692   0.07692;
 0.07692   0.07692   0.07692   0.07692   0.07692   0.07692   0.07692   0.07692   0.07692   0.07692   0.07692   0.07692   0.07692;
 0.07692   0.07692   0.07692   0.07692   0.07692   0.07692   0.07692   0.07692   0.07692   0.07692   0.07692   0.07692   0.07692;
 0.07692   0.07692   0.07692   0.07692   0.07692   0.07692   0.07692   0.07692   0.07692   0.07692   0.07692   0.07692   0.07692;
 0.07692   0.07692   0.07692   0.07692   0.07692   0.07692   0.07692   0.07692   0.07692   0.07692   0.07692   0.07692   0.07692;
 0.07692   0.07692   0.07692   0.07692   0.07692   0.07692   0.07692   0.07692   0.07692   0.07692   0.07692   0.07692   0.07692;
Schedule 1 CB1 PMtx--------------------------
 0.66667   0.00000   0.00000   0.00000   0.00000   0.00000   0.00000   0.00000   0.00000   0.33333   0.00000   0.00000   0.00000;
 0.00000   0.00000   0.00000   0.00000   0.00000   0.00000   0.00000   0.00000   0.66667   0.00000   0.00000   0.00000   0.00000;
 0.00000   0.00000   0.00000   0.00000   0.00000   0.00000   0.00000   0.33333   0.00000   0.00000   0.00000   0.66667   0.00000;
 0.00000   0.00000   0.33333   0.66667   0.00000   0.00000   0.00000   0.00000   0.00000   0.00000   0.00000   0.00000   0.00000;
 0.00000   0.00000   0.00000   0.33333   0.00000   0.00000   0.33333   0.00000   0.00000   0.00000   0.00000   0.00000   0.33333;
 0.00000   0.00000   0.00000   0.00000   0.33333   0.33333   0.00000   0.33333   0.00000   0.00000   0.00000   0.00000   0.00000;
 0.00000   0.33333   0.00000   0.00000   0.33333   0.00000   0.00000   0.00000   0.00000   0.00000   0.00000   0.33333   0.00000;
 0.33333   0.00000   0.33333   0.00000   0.00000   0.33333   0.00000   0.00000   0.00000   0.00000   0.00000   0.00000   0.00000;
 0.00000   0.00000   0.00000   0.00000   0.33333   0.00000   0.33333   0.00000   0.33333   0.00000   0.00000   0.00000   0.00000;
 0.00000   0.00000   0.00000   0.00000   0.00000   0.00000   0.00000   0.33333   0.00000   0.00000   0.33333   0.00000   0.33333;
 0.00000   0.33333   0.33333   0.00000   0.00000   0.00000   0.00000   0.00000   0.00000   0.00000   0.00000   0.00000   0.33333;
 0.00000   0.33333   0.00000   0.00000   0.00000   0.00000   0.00000   0.00000   0.00000   0.33333   0.33333   0.00000   0.00000;
 0.00000   0.00000   0.00000   0.00000   0.00000   0.33333   0.00000   0.00000   0.00000   0.33333   0.33333   0.00000   0.00000;
Schedule 2 CB1 PMtx--------------------------
 0.33333   0.00000   0.00000   0.00000   0.00000   0.00000   0.00000   0.00000   0.00000   0.66667   0.00000   0.00000   0.00000;
 0.00000   0.00000   0.00000   0.33333   0.00000   0.00000   0.33333   0.33333   0.00000   0.00000   0.00000   0.00000   0.00000;
 0.00000   0.33333   0.00000   0.00000   0.66667   0.00000   0.00000   0.00000   0.00000   0.00000   0.00000   0.00000   0.00000;
 0.00000   0.00000   0.00000   0.00000   0.00000   0.00000   0.00000   0.00000   0.33333   0.00000   0.33333   0.00000   0.33333;
 0.00000   0.00000   0.00000   0.00000   0.00000   0.33333   0.00000   0.00000   0.00000   0.00000   0.00000   0.33333   0.00000;
 0.00000   0.00000   0.00000   0.33333   0.00000   0.33333   0.00000   0.00000   0.33333   0.00000   0.00000   0.00000   0.00000;
 0.00000   0.00000   0.00000   0.00000   0.00000   0.00000   0.33333   0.33333   0.00000   0.00000   0.00000   0.33333   0.00000;
 0.33333   0.00000   0.00000   0.33333   0.00000   0.00000   0.00000   0.00000   0.00000   0.00000   0.33333   0.00000   0.00000;
 0.00000   0.33333   0.33333   0.00000   0.00000   0.00000   0.00000   0.00000   0.00000   0.33333   0.00000   0.00000   0.00000;
 0.00000   0.00000   0.33333   0.00000   0.00000   0.00000   0.00000   0.00000   0.33333   0.00000   0.00000   0.33333   0.00000;
 0.00000   0.00000   0.00000   0.00000   0.33333   0.33333   0.00000   0.00000   0.00000   0.00000   0.00000   0.00000   0.33333;
 0.00000   0.33333   0.33333   0.00000   0.00000   0.00000   0.00000   0.33333   0.00000   0.00000   0.00000   0.00000   0.00000;
 0.33333   0.00000   0.00000   0.00000   0.00000   0.00000   0.00000   0.00000   0.00000   0.00000   0.33333   0.00000   0.33333;
Schedule 3 CB1 PMtx--------------------------
 0.00000   0.00000   0.00000   0.33333   0.33333   0.00000   0.00000   0.00000   0.00000   0.00000   0.33333   0.00000   0.00000;
 0.00000   0.00000   0.33333   0.00000   0.00000   0.00000   0.00000   0.00000   0.33333   0.00000   0.33333   0.00000   0.00000;
 0.33333   0.33333   0.00000   0.00000   0.33333   0.00000   0.00000   0.00000   0.00000   0.00000   0.00000   0.00000   0.00000;
 0.00000   0.00000   0.00000   0.00000   0.00000   0.33333   0.00000   0.33333   0.00000   0.00000   0.00000   0.00000   0.33333;
 0.00000   0.00000   0.00000   0.00000   0.00000   0.00000   0.00000   0.33333   0.00000   0.00000   0.33333   0.00000   0.00000;
 0.00000   0.33333   0.00000   0.00000   0.00000   0.00000   0.33333   0.00000   0.33333   0.00000   0.00000   0.00000   0.00000;
 0.00000   0.00000   0.00000   0.00000   0.00000   0.33333   0.00000   0.33333   0.00000   0.33333   0.00000   0.00000   0.00000;
 0.00000   0.00000   0.33333   0.00000   0.00000   0.00000   0.33333   0.00000   0.00000   0.00000   0.00000   0.33333   0.00000;
 0.00000   0.00000   0.00000   0.33333   0.33333   0.00000   0.00000   0.00000   0.00000   0.33333   0.00000   0.00000   0.00000;
 0.33333   0.00000   0.00000   0.00000   0.00000   0.33333   0.00000   0.00000   0.00000   0.00000   0.00000   0.00000   0.33333;
 0.00000   0.00000   0.00000   0.00000   0.00000   0.00000   0.33333   0.00000   0.33333   0.00000   0.00000   0.00000   0.33333;
 0.33333   0.00000   0.33333   0.00000   0.00000   0.00000   0.00000   0.00000   0.00000   0.33333   0.00000   0.00000   0.00000;
 0.00000   0.00000   0.00000   0.33333   0.00000   0.00000   0.00000   0.00000   0.00000   0.00000   0.00000   0.66667   0.00000;
Schedule 4 CB1 PMtx--------------------------
 0.33333   0.00000   0.00000   0.00000   0.00000   0.00000   0.00000   0.33333   0.33333   0.00000   0.00000   0.00000   0.00000;
 0.00000   0.00000   0.00000   0.00000   0.33333   0.00000   0.00000   0.00000   0.00000   0.33333   0.33333   0.00000   0.00000;
 0.33333   0.00000   0.00000   0.00000   0.00000   0.00000   0.00000   0.00000   0.33333   0.00000   0.00000   0.00000   0.33333;
 0.00000   0.66667   0.00000   0.00000   0.00000   0.00000   0.00000   0.33333   0.00000   0.00000   0.00000   0.00000   0.00000;
 0.00000   0.00000   0.00000   0.00000   0.00000   0.33333   0.00000   0.00000   0.00000   0.00000   0.33333   0.33333   0.00000;
 0.33333   0.00000   0.00000   0.00000   0.33333   0.00000   0.00000   0.00000   0.00000   0.33333   0.00000   0.00000   0.00000;
 0.00000   0.00000   0.00000   0.00000   0.00000   0.33333   0.33333   0.33333   0.00000   0.00000   0.00000   0.00000   0.00000;
 0.00000   0.00000   0.00000   0.33333   0.33333   0.00000   0.00000   0.00000   0.00000   0.00000   0.00000   0.00000   0.33333;
 0.00000   0.00000   0.33333   0.33333   0.00000   0.00000   0.00000   0.00000   0.00000   0.00000   0.00000   0.33333   0.00000;
 0.00000   0.33333   0.00000   0.00000   0.00000   0.00000   0.33333   0.00000   0.00000   0.33333   0.00000   0.00000   0.00000;
 0.00000   0.00000   0.33333   0.00000   0.00000   0.00000   0.00000   0.00000   0.00000   0.00000   0.00000   0.33333   0.33333;
 0.00000   0.00000   0.33333   0.00000   0.00000   0.33333   0.00000   0.00000   0.00000   0.00000   0.00000   0.00000   0.00000;
 0.00000   0.00000   0.00000   0.00000   0.00000   0.00000   0.33333   0.00000   0.33333   0.00000   0.33333   0.00000   0.00000;
Schedule 5 CB1 PMtx--------------------------
 0.00000   0.00000   0.00000   0.00000   0.00000   0.33333   0.00000   0.33333   0.00000   0.33333   0.00000   0.00000   0.00000;
 0.00000   0.00000   0.00000   0.00000   0.33333   0.00000   0.00000   0.00000   0.00000   0.33333   0.00000   0.00000   0.33333;
 0.00000   0.33333   0.00000   0.00000   0.00000   0.00000   0.00000   0.00000   0.33333   0.00000   0.00000   0.00000   0.00000;
 0.00000   0.00000   0.33333   0.00000   0.00000   0.00000   0.33333   0.00000   0.00000   0.00000   0.00000   0.33333   0.00000;
 0.33333   0.33333   0.00000   0.00000   0.00000   0.00000   0.00000   0.00000   0.33333   0.00000   0.00000   0.00000   0.00000;
 0.00000   0.00000   0.00000   0.00000   0.33333   0.00000   0.00000   0.00000   0.00000   0.00000   0.33333   0.00000   0.33333;
 0.00000   0.00000   0.00000   0.33333   0.00000   0.00000   0.00000   0.00000   0.33333   0.00000   0.00000   0.33333   0.00000;
 0.00000   0.00000   0.33333   0.00000   0.00000   0.00000   0.33333   0.00000   0.00000   0.00000   0.33333   0.00000   0.00000;
 0.33333   0.00000   0.00000   0.00000   0.00000   0.33333   0.00000   0.33333   0.00000   0.00000   0.00000   0.00000   0.00000;
 0.00000   0.00000   0.00000   0.33333   0.00000   0.00000   0.33333   0.33333   0.00000   0.00000   0.00000   0.00000   0.00000;
 0.00000   0.33333   0.00000   0.33333   0.00000   0.33333   0.00000   0.00000   0.00000   0.00000   0.00000   0.00000   0.00000;
 0.33333   0.00000   0.00000   0.00000   0.33333   0.00000   0.00000   0.00000   0.00000   0.00000   0.00000   0.33333   0.00000;
 0.00000   0.00000   0.33333   0.00000   0.00000   0.00000   0.00000   0.00000   0.00000   0.33333   0.33333   0.00000   0.00000;
Schedule 6 CB1 PMtx--------------------------
 0.00000   0.00000   0.00000   0.00000   0.33333   0.00000   0.00000   0.00000   0.00000   0.00000   0.00000   0.33333   0.33333;
 0.00000   0.00000   0.33333   0.00000   0.00000   0.33333   0.00000   0.00000   0.00000   0.33333   0.00000   0.00000   0.00000;
 0.33333   0.00000   0.00000   0.00000   0.33333   0.00000   0.00000   0.00000   0.00000   0.33333   0.00000   0.00000   0.00000;
 0.00000   0.00000   0.00000   0.33333   0.00000   0.00000   0.00000   0.00000   0.33333   0.33333   0.00000   0.00000   0.00000;
 0.00000   0.00000   0.00000   0.33333   0.00000   0.00000   0.00000   0.00000   0.00000   0.00000   0.33333   0.00000   0.33333;
 0.33333   0.00000   0.00000   0.00000   0.00000   0.00000   0.33333   0.00000   0.00000   0.00000   0.00000   0.33333   0.00000;
 0.00000   0.00000   0.00000   0.00000   0.33333   0.33333   0.00000   0.00000   0.33333   0.00000   0.00000   0.00000   0.00000;
 0.00000   0.00000   0.00000   0.33333   0.00000   0.00000   0.00000   0.00000   0.00000   0.00000   0.00000   0.00000   0.33333;
 0.00000   0.00000   0.33333   0.00000   0.00000   0.00000   0.00000   0.00000   0.00000   0.00000   0.33333   0.33333   0.00000;
 0.00000   0.66667   0.00000   0.00000   0.00000   0.00000   0.00000   0.33333   0.00000   0.00000   0.00000   0.00000   0.00000;
 0.33333   0.33333   0.00000   0.00000   0.00000   0.00000   0.00000   0.00000   0.33333   0.00000   0.00000   0.00000   0.00000;
 0.00000   0.00000   0.00000   0.00000   0.00000   0.00000   0.33333   0.66667   0.00000   0.00000   0.00000   0.00000   0.00000;
 0.00000   0.00000   0.33333   0.00000   0.00000   0.33333   0.00000   0.00000   0.00000   0.00000   0.33333   0.00000   0.00000;
Schedule 7 CB1 PMtx--------------------------
 0.00000   0.33333   0.00000   0.00000   0.00000   0.00000   0.66667   0.00000   0.00000   0.00000   0.00000   0.00000   0.00000;
 0.33333   0.00000   0.00000   0.00000   0.00000   0.00000   0.00000   0.00000   0.33333   0.00000   0.33333   0.00000   0.00000;
 0.33333   0.00000   0.00000   0.00000   0.00000   0.00000   0.00000   0.00000   0.00000   0.00000   0.00000   0.33333   0.00000;
 0.00000   0.00000   0.33333   0.00000   0.00000   0.00000   0.00000   0.00000   0.00000   0.00000   0.00000   0.33333   0.33333;
 0.00000   0.00000   0.33333   0.00000   0.00000   0.33333   0.00000   0.00000   0.33333   0.00000   0.00000   0.00000   0.00000;
 0.00000   0.33333   0.00000   0.00000   0.00000   0.00000   0.00000   0.00000   0.33333   0.00000   0.00000   0.00000   0.33333;
 0.00000   0.00000   0.00000   0.00000   0.00000   0.00000   0.00000   0.33333   0.00000   0.33333   0.00000   0.33333   0.00000;
 0.00000   0.00000   0.00000   0.33333   0.33333   0.00000   0.00000   0.00000   0.00000   0.33333   0.00000   0.00000   0.00000;
 0.00000   0.00000   0.33333   0.33333   0.33333   0.00000   0.00000   0.00000   0.00000   0.00000   0.00000   0.00000   0.00000;
 0.00000   0.00000   0.00000   0.00000   0.33333   0.66667   0.00000   0.00000   0.00000   0.00000   0.00000   0.00000   0.00000;
 0.00000   0.00000   0.00000   0.00000   0.00000   0.00000   0.33333   0.33333   0.00000   0.00000   0.00000   0.00000   0.33333;
 0.33333   0.33333   0.00000   0.33333   0.00000   0.00000   0.00000   0.00000   0.00000   0.00000   0.00000   0.00000   0.00000;
 0.00000   0.00000   0.00000   0.00000   0.00000   0.00000   0.00000   0.33333   0.00000   0.00000   0.66667   0.00000   0.00000;
Schedule 8 CB1 PMtx--------------------------
 0.33333   0.00000   0.00000   0.00000   0.00000   0.33333   0.00000   0.33333   0.00000   0.00000   0.00000   0.00000   0.00000;
 0.00000   0.00000   0.00000   0.00000   0.00000   0.00000   0.00000   0.33333   0.33333   0.00000   0.00000   0.33333   0.00000;
 0.00000   0.00000   0.00000   0.00000   0.00000   0.00000   0.66667   0.00000   0.00000   0.33333   0.00000   0.00000   0.00000;
 0.00000   0.00000   0.33333   0.33333   0.00000   0.00000   0.00000   0.00000   0.00000   0.00000   0.00000   0.00000   0.00000;
 0.00000   0.33333   0.00000   0.00000   0.00000   0.00000   0.00000   0.00000   0.00000   0.33333   0.33333   0.00000   0.00000;
 0.00000   0.00000   0.00000   0.33333   0.33333   0.00000   0.00000   0.00000   0.00000   0.00000   0.33333   0.00000   0.00000;
 0.33333   0.00000   0.00000   0.33333   0.33333   0.00000   0.00000   0.00000   0.00000   0.00000   0.00000   0.00000   0.00000;
 0.00000   0.00000   0.00000   0.00000   0.00000   0.00000   0.33333   0.00000   0.00000   0.33333   0.00000   0.00000   0.33333;
 0.00000   0.33333   0.00000   0.00000   0.33333   0.00000   0.00000   0.00000   0.00000   0.00000   0.00000   0.00000   0.33333;
 0.00000   0.00000   0.00000   0.00000   0.00000   0.33333   0.00000   0.00000   0.00000   0.00000   0.33333   0.33333   0.00000;
 0.00000   0.00000   0.66667   0.00000   0.00000   0.00000   0.00000   0.00000   0.00000   0.00000   0.00000   0.33333   0.00000;
 0.33333   0.33333   0.00000   0.00000   0.00000   0.00000   0.00000   0.00000   0.00000   0.00000   0.00000   0.00000   0.33333;
 0.00000   0.00000   0.00000   0.00000   0.00000   0.33333   0.00000   0.33333   0.33333   0.00000   0.00000   0.00000   0.00000;
Schedule 9 CB1 PMtx--------------------------
 0.00000   0.00000   0.00000   0.00000   0.00000   0.00000   0.00000   0.33333   0.00000   0.33333   0.00000   0.33333   0.00000;
 0.33333   0.00000   0.00000   0.00000   0.00000   0.00000   0.00000   0.00000   0.00000   0.00000   0.00000   0.00000   0.33333;
 0.00000   0.33333   0.00000   0.00000   0.33333   0.00000   0.00000   0.00000   0.00000   0.33333   0.00000   0.00000   0.00000;
 0.33333   0.00000   0.00000   0.00000   0.00000   0.00000   0.33333   0.00000   0.33333   0.00000   0.00000   0.00000   0.00000;
 0.00000   0.33333   0.00000   0.00000   0.33333   0.00000   0.33333   0.00000   0.00000   0.00000   0.00000   0.00000   0.00000;
 0.33333   0.00000   0.00000   0.00000   0.00000   0.00000   0.00000   0.33333   0.00000   0.33333   0.00000   0.00000   0.00000;
 0.00000   0.00000   0.00000   0.00000   0.00000   0.66667   0.00000   0.00000   0.00000   0.00000   0.33333   0.00000   0.00000;
 0.00000   0.00000   0.00000   0.33333   0.33333   0.00000   0.00000   0.00000   0.00000   0.00000   0.00000   0.00000   0.33333;
 0.00000   0.33333   0.00000   0.00000   0.00000   0.00000   0.00000   0.00000   0.00000   0.00000   0.33333   0.33333   0.00000;
 0.00000   0.00000   0.00000   0.33333   0.00000   0.00000   0.00000   0.00000   0.33333   0.00000   0.33333   0.00000   0.00000;
 0.00000   0.00000   0.33333   0.33333   0.00000   0.00000   0.33333   0.00000   0.00000   0.00000   0.00000   0.00000   0.00000;
 0.00000   0.00000   0.33333   0.00000   0.00000   0.00000   0.00000   0.00000   0.33333   0.00000   0.00000   0.00000   0.33333;
 0.00000   0.00000   0.33333   0.00000   0.00000   0.33333   0.00000   0.00000   0.00000   0.00000   0.00000   0.33333   0.00000;
Schedule 10 CB1 PMtx--------------------------
 0.00000   0.00000   0.00000   0.00000   0.33333   0.33333   0.00000   0.00000   0.00000   0.00000   0.33333   0.00000   0.00000;
 0.66667   0.00000   0.00000   0.33333   0.00000   0.00000   0.00000   0.00000   0.00000   0.00000   0.00000   0.00000   0.00000;
 0.00000   0.33333   0.00000   0.00000   0.00000   0.00000   0.00000   0.00000   0.33333   0.00000   0.00000   0.33333   0.00000;
 0.00000   0.00000   0.33333   0.00000   0.00000   0.00000   0.00000   0.00000   0.33333   0.33333   0.00000   0.00000   0.00000;
 0.33333   0.00000   0.00000   0.00000   0.00000   0.00000   0.00000   0.33333   0.00000   0.00000   0.33333   0.00000   0.00000;
 0.00000   0.00000   0.00000   0.33333   0.00000   0.00000   0.00000   0.00000   0.33333   0.33333   0.00000   0.00000   0.00000;
 0.00000   0.00000   0.00000   0.33333   0.33333   0.00000   0.00000   0.00000   0.00000   0.00000   0.00000   0.33333   0.00000;
 0.00000   0.00000   0.00000   0.00000   0.33333   0.00000   0.33333   0.00000   0.00000   0.00000   0.00000   0.00000   0.33333;
 0.00000   0.33333   0.00000   0.00000   0.00000   0.00000   0.00000   0.33333   0.00000   0.00000   0.00000   0.00000   0.33333;
 0.00000   0.33333   0.00000   0.00000   0.00000   0.00000   0.33333   0.00000   0.00000   0.00000   0.00000   0.00000   0.00000;
 0.00000   0.00000   0.33333   0.00000   0.00000   0.00000   0.00000   0.00000   0.00000   0.00000   0.33333   0.33333   0.00000;
 0.00000   0.00000   0.00000   0.00000   0.00000   0.66667   0.00000   0.00000   0.00000   0.33333   0.00000   0.00000   0.00000;
 0.00000   0.00000   0.33333   0.00000   0.00000   0.00000   0.33333   0.00000   0.00000   0.00000   0.00000   0.00000   0.33333;
Schedule 11 CB1 PMtx--------------------------
 0.00000   0.00000   0.33333   0.00000   0.33333   0.00000   0.00000   0.00000   0.00000   0.00000   0.33333   0.00000   0.00000;
 0.00000   0.00000   0.00000   0.00000   0.00000   0.33333   0.00000   0.33333   0.00000   0.33333   0.00000   0.00000   0.00000;
 0.00000   0.00000   0.00000   0.33333   0.00000   0.00000   0.33333   0.00000   0.00000   0.00000   0.33333   0.00000   0.00000;
 0.33333   0.00000   0.00000   0.00000   0.00000   0.00000   0.00000   0.00000   0.00000   0.33333   0.00000   0.00000   0.33333;
 0.00000   0.00000   0.00000   0.33333   0.00000   0.00000   0.00000   0.00000   0.33333   0.00000   0.00000   0.33333   0.00000;
 0.00000   0.00000   0.33333   0.00000   0.00000   0.00000   0.33333   0.00000   0.00000   0.00000   0.33333   0.00000   0.00000;
 0.00000   0.00000   0.00000   0.00000   0.33333   0.00000   0.00000   0.00000   0.00000   0.33333   0.00000   0.33333   0.00000;
 0.00000   0.33333   0.00000   0.00000   0.00000   0.00000   0.00000   0.33333   0.33333   0.00000   0.00000   0.00000   0.00000;
 0.00000   0.33333   0.00000   0.00000   0.33333   0.00000   0.00000   0.00000   0.00000   0.00000   0.00000   0.00000   0.00000;
 0.00000   0.00000   0.00000   0.33333   0.00000   0.00000   0.00000   0.00000   0.33333   0.00000   0.00000   0.00000   0.33333;
 0.00000   0.33333   0.33333   0.00000   0.00000   0.33333   0.00000   0.00000   0.00000   0.00000   0.00000   0.00000   0.00000;
 0.33333   0.00000   0.00000   0.00000   0.00000   0.33333   0.00000   0.00000   0.00000   0.00000   0.00000   0.00000   0.33333;
 0.00000   0.00000   0.00000   0.00000   0.00000   0.00000   0.33333   0.33333   0.00000   0.00000   0.00000   0.33333   0.00000;
Schedule 12 CB1 PMtx--------------------------
 0.00000   0.00000   0.00000   0.00000   0.00000   0.00000   0.33333   0.33333   0.00000   0.33333   0.00000   0.00000   0.00000;
 0.00000   0.00000   0.00000   0.00000   0.00000   0.33333   0.33333   0.00000   0.00000   0.00000   0.00000   0.33333   0.00000;
 0.00000   0.33333   0.00000   0.00000   0.00000   0.00000   0.00000   0.00000   0.33333   0.00000   0.00000   0.33333   0.00000;
 0.33333   0.00000   0.33333   0.00000   0.00000   0.00000   0.00000   0.33333   0.00000   0.00000   0.00000   0.00000   0.00000;
 0.00000   0.00000   0.00000   0.00000   0.33333   0.00000   0.00000   0.00000   0.00000   0.00000   0.66667   0.00000   0.00000;
 0.00000   0.00000   0.00000   0.00000   0.00000   0.00000   0.33333   0.33333   0.00000   0.00000   0.00000   0.00000   0.00000;
 0.00000   0.33333   0.00000   0.00000   0.00000   0.00000   0.00000   0.00000   0.00000   0.00000   0.00000   0.33333   0.33333;
 0.33333   0.00000   0.00000   0.00000   0.00000   0.00000   0.00000   0.00000   0.00000   0.00000   0.33333   0.00000   0.33333;
 0.00000   0.00000   0.33333   0.00000   0.00000   0.33333   0.00000   0.00000   0.00000   0.33333   0.00000   0.00000   0.00000;
 0.33333   0.00000   0.00000   0.00000   0.33333   0.00000   0.00000   0.00000   0.00000   0.33333   0.00000   0.00000   0.00000;
 0.00000   0.00000   0.00000   0.33333   0.00000   0.33333   0.00000   0.00000   0.00000   0.00000   0.00000   0.00000   0.33333;
 0.00000   0.33333   0.33333   0.00000   0.00000   0.00000   0.00000   0.00000   0.33333   0.00000   0.00000   0.00000   0.00000;
 0.00000   0.00000   0.00000   0.33333   0.33333   0.00000   0.00000   0.00000   0.33333   0.00000   0.00000   0.00000   0.00000;
Schedule 13 CB1 PMtx--------------------------
 0.00000   0.00000   0.33333   0.00000   0.00000   0.00000   0.00000   0.00000   0.33333   0.00000   0.33333   0.00000   0.00000;
 0.00000   0.00000   0.00000   0.00000   0.00000   0.33333   0.00000   0.00000   0.00000   0.66667   0.00000   0.00000   0.00000;
 0.00000   0.00000   0.00000   0.00000   0.00000   0.00000   0.33333   0.33333   0.00000   0.00000   0.00000   0.00000   0.33333;
 0.00000   0.33333   0.00000   0.00000   0.33333   0.33333   0.00000   0.00000   0.00000   0.00000   0.00000   0.00000   0.00000;
 0.33333   0.00000   0.00000   0.00000   0.00000   0.00000   0.00000   0.00000   0.00000   0.00000   0.33333   0.00000   0.33333;
 0.00000   0.00000   0.33333   0.00000   0.00000   0.00000   0.00000   0.33333   0.00000   0.00000   0.33333   0.00000   0.00000;
 0.00000   0.33333   0.33333   0.00000   0.00000   0.00000   0.00000   0.00000   0.33333   0.00000   0.00000   0.00000   0.00000;
 0.00000   0.33333   0.00000   0.00000   0.33333   0.00000   0.00000   0.00000   0.00000   0.00000   0.00000   0.33333   0.00000;
 0.00000   0.00000   0.00000   0.33333   0.00000   0.33333   0.33333   0.00000   0.00000   0.00000   0.00000   0.00000   0.00000;
 0.00000   0.00000   0.00000   0.00000   0.00000   0.00000   0.00000   0.33333   0.00000   0.00000   0.00000   0.66667   0.00000;
 0.33333   0.00000   0.00000   0.33333   0.00000   0.00000   0.00000   0.00000   0.33333   0.00000   0.00000   0.00000   0.00000;
 0.00000   0.00000   0.00000   0.33333   0.00000   0.00000   0.00000   0.00000   0.00000   0.33333   0.00000   0.00000   0.00000;
 0.33333   0.00000   0.00000   0.00000   0.33333   0.00000   0.33333   0.00000   0.00000   0.00000   0.00000   0.00000   0.00000;
Schedule 14 CB1 PMtx--------------------------
 0.66667   0.00000   0.00000   0.00000   0.00000   0.00000   0.00000   0.00000   0.33333   0.00000   0.00000   0.00000   0.00000;
 0.00000   0.00000   0.00000   0.00000   0.00000   0.00000   0.00000   0.00000   0.33333   0.00000   0.33333   0.00000   0.00000;
 0.00000   0.00000   0.00000   0.00000   0.00000   0.66667   0.00000   0.00000   0.00000   0.00000   0.00000   0.33333   0.00000;
 0.00000   0.00000   0.33333   0.00000   0.00000   0.33333   0.00000   0.00000   0.00000   0.33333   0.00000   0.00000   0.00000;
 0.00000   0.00000   0.66667   0.00000   0.00000   0.00000   0.33333   0.00000   0.00000   0.00000   0.00000   0.00000   0.00000;
 0.00000   0.00000   0.00000   0.00000   0.33333   0.00000   0.66667   0.00000   0.00000   0.00000   0.00000   0.00000   0.00000;
 0.00000   0.33333   0.00000   0.00000   0.00000   0.00000   0.00000   0.00000   0.00000   0.33333   0.00000   0.00000   0.33333;
 0.00000   0.00000   0.00000   0.00000   0.00000   0.00000   0.00000   0.00000   0.00000   0.00000   0.66667   0.00000   0.33333;
 0.00000   0.00000   0.00000   0.66667   0.00000   0.00000   0.00000   0.00000   0.00000   0.00000   0.00000   0.33333   0.00000;
 0.00000   0.33333   0.00000   0.33333   0.00000   0.00000   0.00000   0.33333   0.00000   0.00000   0.00000   0.00000   0.00000;
 0.00000   0.33333   0.00000   0.00000   0.00000   0.00000   0.00000   0.00000   0.33333   0.00000   0.00000   0.33333   0.00000;
 0.00000   0.00000   0.00000   0.00000   0.66667   0.00000   0.00000   0.00000   0.00000   0.00000   0.00000   0.00000   0.33333;
 0.00000   0.00000   0.00000   0.00000   0.00000   0.00000   0.00000   0.66667   0.00000   0.33333   0.00000   0.00000   0.00000;
Schedule 15 CB1 PMtx--------------------------
 0.00000   0.33333   0.00000   0.33333   0.00000   0.33333   0.00000   0.00000   0.00000   0.00000   0.00000   0.00000   0.00000;
 0.00000   0.00000   0.33333   0.00000   0.00000   0.33333   0.00000   0.00000   0.00000   0.00000   0.00000   0.00000   0.33333;
 0.00000   0.33333   0.00000   0.00000   0.00000   0.33333   0.33333   0.00000   0.00000   0.00000   0.00000   0.00000   0.00000;
 0.33333   0.00000   0.33333   0.00000   0.00000   0.00000   0.00000   0.00000   0.00000   0.00000   0.00000   0.00000   0.33333;
 0.00000   0.00000   0.00000   0.00000   0.00000   0.00000   0.33333   0.33333   0.00000   0.00000   0.33333   0.00000   0.00000;
 0.00000   0.00000   0.00000   0.00000   0.00000   0.00000   0.33333   0.00000   0.33333   0.00000   0.00000   0.33333   0.00000;
 0.00000   0.00000   0.33333   0.33333   0.33333   0.00000   0.00000   0.00000   0.00000   0.00000   0.00000   0.00000   0.00000;
 0.00000   0.00000   0.00000   0.00000   0.00000   0.00000   0.00000   0.00000   0.33333   0.33333   0.33333   0.00000   0.00000;
 0.00000   0.00000   0.00000   0.33333   0.00000   0.00000   0.00000   0.33333   0.00000   0.33333   0.00000   0.00000   0.00000;
 0.00000   0.00000   0.00000   0.00000   0.33333   0.00000   0.00000   0.33333   0.00000   0.33333   0.00000   0.00000   0.00000;
 0.33333   0.33333   0.00000   0.00000   0.00000   0.00000   0.00000   0.00000   0.00000   0.00000   0.00000   0.00000   0.00000;
 0.00000   0.00000   0.00000   0.00000   0.00000   0.00000   0.00000   0.00000   0.33333   0.00000   0.33333   0.00000   0.33333;
 0.00000   0.00000   0.00000   0.00000   0.33333   0.00000   0.00000   0.00000   0.00000   0.00000   0.00000   0.66667   0.00000;
